#  site  atom  site  atom  shell  is    irs        x             y             z             r          Joj(mRy)       Joj(meV)
    2     Co    2     Co     2     1     2     -7.247103      0.000000      0.000000      7.247103      1.3232452     18.0036660
    2     Co    2     Co     2     2     3      0.000000     -7.247103      0.000000      7.247103      1.3232443     18.0036543
    2     Co    2     Co     2     3     4      0.000000      0.000000     -7.247103      7.247103      1.3232453     18.0036672
    2     Co    2     Co     2     4     5      0.000000      0.000000      7.247103      7.247103      1.3232446     18.0036578
    2     Co    2     Co     2     5     6      0.000000      7.247103      0.000000      7.247103      1.3232436     18.0036449
    2     Co    2     Co     2     6     7      7.247103      0.000000      0.000000      7.247103      1.3232445     18.0036565
    2     Co    2     Co     3     1     8     -7.247103     -7.247103      0.000000     10.248951     -0.0284935     -0.3876743
    2     Co    2     Co     3     2     9     -7.247103      0.000000     -7.247103     10.248951     -0.0284934     -0.3876725
    2     Co    2     Co     3     3    10     -7.247103      0.000000      7.247103     10.248951     -0.0284949     -0.3876923
    2     Co    2     Co     3     4    11     -7.247103      7.247103      0.000000     10.248951     -0.0284950     -0.3876941
    2     Co    2     Co     3     5    12      0.000000     -7.247103     -7.247103     10.248951     -0.0284935     -0.3876741
    2     Co    2     Co     3     6    13      0.000000     -7.247103      7.247103     10.248951     -0.0284950     -0.3876940
    2     Co    2     Co     3     7    14      0.000000      7.247103     -7.247103     10.248951     -0.0284950     -0.3876940
    2     Co    2     Co     3     8    15      0.000000      7.247103      7.247103     10.248951     -0.0284964     -0.3877138
    2     Co    2     Co     3     9    16      7.247103     -7.247103      0.000000     10.248951     -0.0284950     -0.3876941
    2     Co    2     Co     3    10    17      7.247103      0.000000     -7.247103     10.248951     -0.0284949     -0.3876923
    2     Co    2     Co     3    11    18      7.247103      0.000000      7.247103     10.248951     -0.0284963     -0.3877121
    2     Co    2     Co     3    12    19      7.247103      7.247103      0.000000     10.248951     -0.0284965     -0.3877140
    2     Co    2     Co     4     1    20     -7.247103     -7.247103     -7.247103     12.552350     -0.0192686     -0.2621630
    2     Co    2     Co     4     2    21     -7.247103     -7.247103      7.247103     12.552350     -0.0192690     -0.2621679
    2     Co    2     Co     4     3    22     -7.247103      7.247103     -7.247103     12.552350     -0.0192690     -0.2621679
    2     Co    2     Co     4     4    23     -7.247103      7.247103      7.247103     12.552350     -0.0192693     -0.2621727
    2     Co    2     Co     4     5    24      7.247103     -7.247103     -7.247103     12.552350     -0.0192690     -0.2621679
    2     Co    2     Co     4     6    25      7.247103     -7.247103      7.247103     12.552350     -0.0192693     -0.2621727
    2     Co    2     Co     4     7    26      7.247103      7.247103     -7.247103     12.552350     -0.0192693     -0.2621727
    2     Co    2     Co     4     8    27      7.247103      7.247103      7.247103     12.552350     -0.0192697     -0.2621776
    2     Co    2     Co     5     1    28    -14.494205      0.000000      0.000000     14.494205      0.1798142      2.4464969
    2     Co    2     Co     5     2    29      0.000000    -14.494205      0.000000     14.494205      0.1798140      2.4464945
    2     Co    2     Co     5     3    30      0.000000      0.000000    -14.494205     14.494205      0.1798142      2.4464971
    2     Co    2     Co     5     4    31      0.000000      0.000000     14.494205     14.494205      0.1798074      2.4464038
    2     Co    2     Co     5     5    32      0.000000     14.494205      0.000000     14.494205      0.1798072      2.4464012
    2     Co    2     Co     5     6    33     14.494205      0.000000      0.000000     14.494205      0.1798074      2.4464036
    2     Co    2     Co     6     1    34    -14.494205     -7.247103      0.000000     16.205014     -0.0298432     -0.4060367
    2     Co    2     Co     6     2    35    -14.494205      0.000000     -7.247103     16.205014     -0.0298432     -0.4060367
    2     Co    2     Co     6     3    36    -14.494205      0.000000      7.247103     16.205014     -0.0298440     -0.4060480
    2     Co    2     Co     6     4    37    -14.494205      7.247103      0.000000     16.205014     -0.0298440     -0.4060480
    2     Co    2     Co     6     5    38     -7.247103    -14.494205      0.000000     16.205014     -0.0298432     -0.4060369
    2     Co    2     Co     6     6    39     -7.247103      0.000000    -14.494205     16.205014     -0.0298431     -0.4060367
    2     Co    2     Co     6     7    40     -7.247103      0.000000     14.494205     16.205014     -0.0298412     -0.4060099
    2     Co    2     Co     6     8    41     -7.247103     14.494205      0.000000     16.205014     -0.0298412     -0.4060101
    2     Co    2     Co     6     9    42      0.000000    -14.494205     -7.247103     16.205014     -0.0298432     -0.4060369
    2     Co    2     Co     6    10    43      0.000000    -14.494205      7.247103     16.205014     -0.0298440     -0.4060482
    2     Co    2     Co     6    11    44      0.000000     -7.247103    -14.494205     16.205014     -0.0298431     -0.4060367
    2     Co    2     Co     6    12    45      0.000000     -7.247103     14.494205     16.205014     -0.0298412     -0.4060099
    2     Co    2     Co     6    13    46      0.000000      7.247103    -14.494205     16.205014     -0.0298440     -0.4060480
    2     Co    2     Co     6    14    47      0.000000      7.247103     14.494205     16.205014     -0.0298420     -0.4060212
    2     Co    2     Co     6    15    48      0.000000     14.494205     -7.247103     16.205014     -0.0298412     -0.4060101
    2     Co    2     Co     6    16    49      0.000000     14.494205      7.247103     16.205014     -0.0298420     -0.4060214
    2     Co    2     Co     6    17    50      7.247103    -14.494205      0.000000     16.205014     -0.0298440     -0.4060482
    2     Co    2     Co     6    18    51      7.247103      0.000000    -14.494205     16.205014     -0.0298440     -0.4060480
    2     Co    2     Co     6    19    52      7.247103      0.000000     14.494205     16.205014     -0.0298420     -0.4060212
    2     Co    2     Co     6    20    53      7.247103     14.494205      0.000000     16.205014     -0.0298420     -0.4060214
    2     Co    2     Co     6    21    54     14.494205     -7.247103      0.000000     16.205014     -0.0298412     -0.4060099
    2     Co    2     Co     6    22    55     14.494205      0.000000     -7.247103     16.205014     -0.0298412     -0.4060099
    2     Co    2     Co     6    23    56     14.494205      0.000000      7.247103     16.205014     -0.0298420     -0.4060212
    2     Co    2     Co     6    24    57     14.494205      7.247103      0.000000     16.205014     -0.0298420     -0.4060212
    2     Co    2     Co     7     1    58    -14.494205     -7.247103     -7.247103     17.751703      0.0031190      0.0424357
    2     Co    2     Co     7     2    59    -14.494205     -7.247103      7.247103     17.751703      0.0031190      0.0424364
    2     Co    2     Co     7     3    60    -14.494205      7.247103     -7.247103     17.751703      0.0031190      0.0424364
    2     Co    2     Co     7     4    61    -14.494205      7.247103      7.247103     17.751703      0.0031191      0.0424371
    2     Co    2     Co     7     5    62     -7.247103    -14.494205     -7.247103     17.751703      0.0031190      0.0424358
    2     Co    2     Co     7     6    63     -7.247103    -14.494205      7.247103     17.751703      0.0031190      0.0424365
    2     Co    2     Co     7     7    64     -7.247103     -7.247103    -14.494205     17.751703      0.0031190      0.0424357
    2     Co    2     Co     7     8    65     -7.247103     -7.247103     14.494205     17.751703      0.0031186      0.0424310
    2     Co    2     Co     7     9    66     -7.247103      7.247103    -14.494205     17.751703      0.0031190      0.0424364
    2     Co    2     Co     7    10    67     -7.247103      7.247103     14.494205     17.751703      0.0031187      0.0424317
    2     Co    2     Co     7    11    68     -7.247103     14.494205     -7.247103     17.751703      0.0031186      0.0424311
    2     Co    2     Co     7    12    69     -7.247103     14.494205      7.247103     17.751703      0.0031187      0.0424318
    2     Co    2     Co     7    13    70      7.247103    -14.494205     -7.247103     17.751703      0.0031190      0.0424365
    2     Co    2     Co     7    14    71      7.247103    -14.494205      7.247103     17.751703      0.0031191      0.0424372
    2     Co    2     Co     7    15    72      7.247103     -7.247103    -14.494205     17.751703      0.0031190      0.0424364
    2     Co    2     Co     7    16    73      7.247103     -7.247103     14.494205     17.751703      0.0031187      0.0424317
    2     Co    2     Co     7    17    74      7.247103      7.247103    -14.494205     17.751703      0.0031191      0.0424371
    2     Co    2     Co     7    18    75      7.247103      7.247103     14.494205     17.751703      0.0031187      0.0424324
    2     Co    2     Co     7    19    76      7.247103     14.494205     -7.247103     17.751703      0.0031187      0.0424318
    2     Co    2     Co     7    20    77      7.247103     14.494205      7.247103     17.751703      0.0031187      0.0424325
    2     Co    2     Co     7    21    78     14.494205     -7.247103     -7.247103     17.751703      0.0031186      0.0424310
    2     Co    2     Co     7    22    79     14.494205     -7.247103      7.247103     17.751703      0.0031187      0.0424317
    2     Co    2     Co     7    23    80     14.494205      7.247103     -7.247103     17.751703      0.0031187      0.0424317
    2     Co    2     Co     7    24    81     14.494205      7.247103      7.247103     17.751703      0.0031187      0.0424324
    2     Co    2     Co     8     1    82    -14.494205    -14.494205      0.000000     20.497902     -0.0071573     -0.0973802
    2     Co    2     Co     8     2    83    -14.494205      0.000000    -14.494205     20.497902     -0.0071574     -0.0973808
    2     Co    2     Co     8     3    84    -14.494205      0.000000     14.494205     20.497902     -0.0071569     -0.0973748
    2     Co    2     Co     8     4    85    -14.494205     14.494205      0.000000     20.497902     -0.0071569     -0.0973742
    2     Co    2     Co     8     5    86      0.000000    -14.494205    -14.494205     20.497902     -0.0071573     -0.0973802
    2     Co    2     Co     8     6    87      0.000000    -14.494205     14.494205     20.497902     -0.0071569     -0.0973743
    2     Co    2     Co     8     7    88      0.000000     14.494205    -14.494205     20.497902     -0.0071569     -0.0973743
    2     Co    2     Co     8     8    89      0.000000     14.494205     14.494205     20.497902     -0.0071564     -0.0973683
    2     Co    2     Co     8     9    90     14.494205    -14.494205      0.000000     20.497902     -0.0071569     -0.0973742
    2     Co    2     Co     8    10    91     14.494205      0.000000    -14.494205     20.497902     -0.0071569     -0.0973748
    2     Co    2     Co     8    11    92     14.494205      0.000000     14.494205     20.497902     -0.0071565     -0.0973689
    2     Co    2     Co     8    12    93     14.494205     14.494205      0.000000     20.497902     -0.0071564     -0.0973683
    2     Co    2     Co     9     1    94    -21.741308      0.000000      0.000000     21.741308     -0.0561190     -0.7635377
    2     Co    2     Co     9     2    95    -14.494205    -14.494205     -7.247103     21.741308      0.0018874      0.0256797
    2     Co    2     Co     9     3    96    -14.494205    -14.494205      7.247103     21.741308      0.0018875      0.0256807
    2     Co    2     Co     9     4    97    -14.494205     -7.247103    -14.494205     21.741308      0.0018874      0.0256796
    2     Co    2     Co     9     5    98    -14.494205     -7.247103     14.494205     21.741308      0.0018875      0.0256805
    2     Co    2     Co     9     6    99    -14.494205      7.247103    -14.494205     21.741308      0.0018875      0.0256807
    2     Co    2     Co     9     7   100    -14.494205      7.247103     14.494205     21.741308      0.0018876      0.0256815
    2     Co    2     Co     9     8   101    -14.494205     14.494205     -7.247103     21.741308      0.0018875      0.0256805
    2     Co    2     Co     9     9   102    -14.494205     14.494205      7.247103     21.741308      0.0018876      0.0256815
    2     Co    2     Co     9    10   103     -7.247103    -14.494205    -14.494205     21.741308      0.0018874      0.0256796
    2     Co    2     Co     9    11   104     -7.247103    -14.494205     14.494205     21.741308      0.0018875      0.0256805
    2     Co    2     Co     9    12   105     -7.247103     14.494205    -14.494205     21.741308      0.0018875      0.0256805
    2     Co    2     Co     9    13   106     -7.247103     14.494205     14.494205     21.741308      0.0018875      0.0256814
    2     Co    2     Co     9    14   107      0.000000    -21.741308      0.000000     21.741308     -0.0561192     -0.7635407
    2     Co    2     Co     9    15   108      0.000000      0.000000    -21.741308     21.741308     -0.0561190     -0.7635374
    2     Co    2     Co     9    16   109      0.000000      0.000000     21.741308     21.741308     -0.0561205     -0.7635584
    2     Co    2     Co     9    17   110      0.000000     21.741308      0.000000     21.741308     -0.0561208     -0.7635616
    2     Co    2     Co     9    18   111      7.247103    -14.494205    -14.494205     21.741308      0.0018875      0.0256807
    2     Co    2     Co     9    19   112      7.247103    -14.494205     14.494205     21.741308      0.0018876      0.0256815
    2     Co    2     Co     9    20   113      7.247103     14.494205    -14.494205     21.741308      0.0018876      0.0256815
    2     Co    2     Co     9    21   114      7.247103     14.494205     14.494205     21.741308      0.0018876      0.0256824
    2     Co    2     Co     9    22   115     14.494205    -14.494205     -7.247103     21.741308      0.0018875      0.0256805
    2     Co    2     Co     9    23   116     14.494205    -14.494205      7.247103     21.741308      0.0018876      0.0256815
    2     Co    2     Co     9    24   117     14.494205     -7.247103    -14.494205     21.741308      0.0018875      0.0256805
    2     Co    2     Co     9    25   118     14.494205     -7.247103     14.494205     21.741308      0.0018875      0.0256813
    2     Co    2     Co     9    26   119     14.494205      7.247103    -14.494205     21.741308      0.0018876      0.0256815
    2     Co    2     Co     9    27   120     14.494205      7.247103     14.494205     21.741308      0.0018876      0.0256824
    2     Co    2     Co     9    28   121     14.494205     14.494205     -7.247103     21.741308      0.0018875      0.0256814
    2     Co    2     Co     9    29   122     14.494205     14.494205      7.247103     21.741308      0.0018876      0.0256824
    2     Co    2     Co     9    30   123     21.741308      0.000000      0.000000     21.741308     -0.0561205     -0.7635587
    2     Co    2     Co    10     1   124    -21.741308     -7.247103      0.000000     22.917351     -0.0019842     -0.0269969
    2     Co    2     Co    10     2   125    -21.741308      0.000000     -7.247103     22.917351     -0.0019843     -0.0269975
    2     Co    2     Co    10     3   126    -21.741308      0.000000      7.247103     22.917351     -0.0019844     -0.0269993
    2     Co    2     Co    10     4   127    -21.741308      7.247103      0.000000     22.917351     -0.0019844     -0.0269987
    2     Co    2     Co    10     5   128     -7.247103    -21.741308      0.000000     22.917351     -0.0019842     -0.0269967
    2     Co    2     Co    10     6   129     -7.247103      0.000000    -21.741308     22.917351     -0.0019843     -0.0269975
    2     Co    2     Co    10     7   130     -7.247103      0.000000     21.741308     22.917351     -0.0019839     -0.0269928
    2     Co    2     Co    10     8   131     -7.247103     21.741308      0.000000     22.917351     -0.0019839     -0.0269920
    2     Co    2     Co    10     9   132      0.000000    -21.741308     -7.247103     22.917351     -0.0019842     -0.0269967
    2     Co    2     Co    10    10   133      0.000000    -21.741308      7.247103     22.917351     -0.0019844     -0.0269985
    2     Co    2     Co    10    11   134      0.000000     -7.247103    -21.741308     22.917351     -0.0019842     -0.0269969
    2     Co    2     Co    10    12   135      0.000000     -7.247103     21.741308     22.917351     -0.0019839     -0.0269923
    2     Co    2     Co    10    13   136      0.000000      7.247103    -21.741308     22.917351     -0.0019844     -0.0269987
    2     Co    2     Co    10    14   137      0.000000      7.247103     21.741308     22.917351     -0.0019840     -0.0269940
    2     Co    2     Co    10    15   138      0.000000     21.741308     -7.247103     22.917351     -0.0019839     -0.0269920
    2     Co    2     Co    10    16   139      0.000000     21.741308      7.247103     22.917351     -0.0019840     -0.0269938
    2     Co    2     Co    10    17   140      7.247103    -21.741308      0.000000     22.917351     -0.0019843     -0.0269984
    2     Co    2     Co    10    18   141      7.247103      0.000000    -21.741308     22.917351     -0.0019844     -0.0269993
    2     Co    2     Co    10    19   142      7.247103      0.000000     21.741308     22.917351     -0.0019841     -0.0269946
    2     Co    2     Co    10    20   143      7.247103     21.741308      0.000000     22.917351     -0.0019840     -0.0269937
    2     Co    2     Co    10    21   144     21.741308     -7.247103      0.000000     22.917351     -0.0019839     -0.0269922
    2     Co    2     Co    10    22   145     21.741308      0.000000     -7.247103     22.917351     -0.0019839     -0.0269928
    2     Co    2     Co    10    23   146     21.741308      0.000000      7.247103     22.917351     -0.0019841     -0.0269946
    2     Co    2     Co    10    24   147     21.741308      7.247103      0.000000     22.917351     -0.0019840     -0.0269940
    2     Co    2     Co    11     1   148    -21.741308     -7.247103     -7.247103     24.035920      0.0022286      0.0303214
    2     Co    2     Co    11     2   149    -21.741308     -7.247103      7.247103     24.035920      0.0022286      0.0303222
    2     Co    2     Co    11     3   150    -21.741308      7.247103     -7.247103     24.035920      0.0022286      0.0303222
    2     Co    2     Co    11     4   151    -21.741308      7.247103      7.247103     24.035920      0.0022287      0.0303231
    2     Co    2     Co    11     5   152     -7.247103    -21.741308     -7.247103     24.035920      0.0022286      0.0303215
    2     Co    2     Co    11     6   153     -7.247103    -21.741308      7.247103     24.035920      0.0022286      0.0303223
    2     Co    2     Co    11     7   154     -7.247103     -7.247103    -21.741308     24.035920      0.0022286      0.0303214
    2     Co    2     Co    11     8   155     -7.247103     -7.247103     21.741308     24.035920      0.0022284      0.0303195
    2     Co    2     Co    11     9   156     -7.247103      7.247103    -21.741308     24.035920      0.0022286      0.0303222
    2     Co    2     Co    11    10   157     -7.247103      7.247103     21.741308     24.035920      0.0022285      0.0303204
    2     Co    2     Co    11    11   158     -7.247103     21.741308     -7.247103     24.035920      0.0022285      0.0303196
    2     Co    2     Co    11    12   159     -7.247103     21.741308      7.247103     24.035920      0.0022285      0.0303205
    2     Co    2     Co    11    13   160      7.247103    -21.741308     -7.247103     24.035920      0.0022286      0.0303223
    2     Co    2     Co    11    14   161      7.247103    -21.741308      7.247103     24.035920      0.0022287      0.0303232
    2     Co    2     Co    11    15   162      7.247103     -7.247103    -21.741308     24.035920      0.0022286      0.0303222
    2     Co    2     Co    11    16   163      7.247103     -7.247103     21.741308     24.035920      0.0022285      0.0303204
    2     Co    2     Co    11    17   164      7.247103      7.247103    -21.741308     24.035920      0.0022287      0.0303231
    2     Co    2     Co    11    18   165      7.247103      7.247103     21.741308     24.035920      0.0022286      0.0303212
    2     Co    2     Co    11    19   166      7.247103     21.741308     -7.247103     24.035920      0.0022285      0.0303205
    2     Co    2     Co    11    20   167      7.247103     21.741308      7.247103     24.035920      0.0022286      0.0303213
    2     Co    2     Co    11    21   168     21.741308     -7.247103     -7.247103     24.035920      0.0022284      0.0303195
    2     Co    2     Co    11    22   169     21.741308     -7.247103      7.247103     24.035920      0.0022285      0.0303204
    2     Co    2     Co    11    23   170     21.741308      7.247103     -7.247103     24.035920      0.0022285      0.0303204
    2     Co    2     Co    11    24   171     21.741308      7.247103      7.247103     24.035920      0.0022286      0.0303212
    2     Co    2     Co    12     1   172    -14.494205    -14.494205    -14.494205     25.104700      0.0006617      0.0090035
    2     Co    2     Co    12     2   173    -14.494205    -14.494205     14.494205     25.104700      0.0006617      0.0090031
    2     Co    2     Co    12     3   174    -14.494205     14.494205    -14.494205     25.104700      0.0006617      0.0090031
    2     Co    2     Co    12     4   175    -14.494205     14.494205     14.494205     25.104700      0.0006617      0.0090027
    2     Co    2     Co    12     5   176     14.494205    -14.494205    -14.494205     25.104700      0.0006617      0.0090031
    2     Co    2     Co    12     6   177     14.494205    -14.494205     14.494205     25.104700      0.0006617      0.0090027
    2     Co    2     Co    12     7   178     14.494205     14.494205    -14.494205     25.104700      0.0006617      0.0090027
    2     Co    2     Co    12     8   179     14.494205     14.494205     14.494205     25.104700      0.0006617      0.0090023
    2     Co    2     Co    13     1   180    -21.741308    -14.494205      0.000000     26.129800      0.0057220      0.0778523
    2     Co    2     Co    13     2   181    -21.741308      0.000000    -14.494205     26.129800      0.0057220      0.0778519
    2     Co    2     Co    13     3   182    -21.741308      0.000000     14.494205     26.129800      0.0057222      0.0778542
    2     Co    2     Co    13     4   183    -21.741308     14.494205      0.000000     26.129800      0.0057222      0.0778546
    2     Co    2     Co    13     5   184    -14.494205    -21.741308      0.000000     26.129800      0.0057220      0.0778524
    2     Co    2     Co    13     6   185    -14.494205      0.000000    -21.741308     26.129800      0.0057220      0.0778519
    2     Co    2     Co    13     7   186    -14.494205      0.000000     21.741308     26.129800      0.0057219      0.0778511
    2     Co    2     Co    13     8   187    -14.494205     21.741308      0.000000     26.129800      0.0057220      0.0778516
    2     Co    2     Co    13     9   188      0.000000    -21.741308    -14.494205     26.129800      0.0057220      0.0778523
    2     Co    2     Co    13    10   189      0.000000    -21.741308     14.494205     26.129800      0.0057222      0.0778546
    2     Co    2     Co    13    11   190      0.000000    -14.494205    -21.741308     26.129800      0.0057220      0.0778523
    2     Co    2     Co    13    12   191      0.000000    -14.494205     21.741308     26.129800      0.0057220      0.0778515
    2     Co    2     Co    13    13   192      0.000000     14.494205    -21.741308     26.129800      0.0057222      0.0778546
    2     Co    2     Co    13    14   193      0.000000     14.494205     21.741308     26.129800      0.0057221      0.0778538
    2     Co    2     Co    13    15   194      0.000000     21.741308    -14.494205     26.129800      0.0057220      0.0778515
    2     Co    2     Co    13    16   195      0.000000     21.741308     14.494205     26.129800      0.0057222      0.0778538
    2     Co    2     Co    13    17   196     14.494205    -21.741308      0.000000     26.129800      0.0057222      0.0778546
    2     Co    2     Co    13    18   197     14.494205      0.000000    -21.741308     26.129800      0.0057222      0.0778542
    2     Co    2     Co    13    19   198     14.494205      0.000000     21.741308     26.129800      0.0057221      0.0778534
    2     Co    2     Co    13    20   199     14.494205     21.741308      0.000000     26.129800      0.0057222      0.0778539
    2     Co    2     Co    13    21   200     21.741308    -14.494205      0.000000     26.129800      0.0057220      0.0778515
    2     Co    2     Co    13    22   201     21.741308      0.000000    -14.494205     26.129800      0.0057219      0.0778511
    2     Co    2     Co    13    23   202     21.741308      0.000000     14.494205     26.129800      0.0057221      0.0778534
    2     Co    2     Co    13    24   203     21.741308     14.494205      0.000000     26.129800      0.0057222      0.0778538
    2     Co    2     Co    14     1   204    -21.741308    -14.494205     -7.247103     27.116175      0.0004384      0.0059643
    2     Co    2     Co    14     2   205    -21.741308    -14.494205      7.247103     27.116175      0.0004384      0.0059644
    2     Co    2     Co    14     3   206    -21.741308     -7.247103    -14.494205     27.116175      0.0004384      0.0059643
    2     Co    2     Co    14     4   207    -21.741308     -7.247103     14.494205     27.116175      0.0004384      0.0059644
    2     Co    2     Co    14     5   208    -21.741308      7.247103    -14.494205     27.116175      0.0004384      0.0059644
    2     Co    2     Co    14     6   209    -21.741308      7.247103     14.494205     27.116175      0.0004384      0.0059645
    2     Co    2     Co    14     7   210    -21.741308     14.494205     -7.247103     27.116175      0.0004384      0.0059644
    2     Co    2     Co    14     8   211    -21.741308     14.494205      7.247103     27.116175      0.0004384      0.0059645
    2     Co    2     Co    14     9   212    -14.494205    -21.741308     -7.247103     27.116175      0.0004384      0.0059643
    2     Co    2     Co    14    10   213    -14.494205    -21.741308      7.247103     27.116175      0.0004384      0.0059644
    2     Co    2     Co    14    11   214    -14.494205     -7.247103    -21.741308     27.116175      0.0004384      0.0059643
    2     Co    2     Co    14    12   215    -14.494205     -7.247103     21.741308     27.116175      0.0004384      0.0059651
    2     Co    2     Co    14    13   216    -14.494205      7.247103    -21.741308     27.116175      0.0004384      0.0059644
    2     Co    2     Co    14    14   217    -14.494205      7.247103     21.741308     27.116175      0.0004384      0.0059652
    2     Co    2     Co    14    15   218    -14.494205     21.741308     -7.247103     27.116175      0.0004384      0.0059651
    2     Co    2     Co    14    16   219    -14.494205     21.741308      7.247103     27.116175      0.0004384      0.0059652
    2     Co    2     Co    14    17   220     -7.247103    -21.741308    -14.494205     27.116175      0.0004384      0.0059643
    2     Co    2     Co    14    18   221     -7.247103    -21.741308     14.494205     27.116175      0.0004384      0.0059644
    2     Co    2     Co    14    19   222     -7.247103    -14.494205    -21.741308     27.116175      0.0004384      0.0059643
    2     Co    2     Co    14    20   223     -7.247103    -14.494205     21.741308     27.116175      0.0004384      0.0059651
    2     Co    2     Co    14    21   224     -7.247103     14.494205    -21.741308     27.116175      0.0004384      0.0059644
    2     Co    2     Co    14    22   225     -7.247103     14.494205     21.741308     27.116175      0.0004384      0.0059652
    2     Co    2     Co    14    23   226     -7.247103     21.741308    -14.494205     27.116175      0.0004384      0.0059651
    2     Co    2     Co    14    24   227     -7.247103     21.741308     14.494205     27.116175      0.0004384      0.0059652
    2     Co    2     Co    14    25   228      7.247103    -21.741308    -14.494205     27.116175      0.0004384      0.0059644
    2     Co    2     Co    14    26   229      7.247103    -21.741308     14.494205     27.116175      0.0004384      0.0059645
    2     Co    2     Co    14    27   230      7.247103    -14.494205    -21.741308     27.116175      0.0004384      0.0059644
    2     Co    2     Co    14    28   231      7.247103    -14.494205     21.741308     27.116175      0.0004384      0.0059652
    2     Co    2     Co    14    29   232      7.247103     14.494205    -21.741308     27.116175      0.0004384      0.0059645
    2     Co    2     Co    14    30   233      7.247103     14.494205     21.741308     27.116175      0.0004384      0.0059653
    2     Co    2     Co    14    31   234      7.247103     21.741308    -14.494205     27.116175      0.0004384      0.0059652
    2     Co    2     Co    14    32   235      7.247103     21.741308     14.494205     27.116175      0.0004384      0.0059653
    2     Co    2     Co    14    33   236     14.494205    -21.741308     -7.247103     27.116175      0.0004384      0.0059644
    2     Co    2     Co    14    34   237     14.494205    -21.741308      7.247103     27.116175      0.0004384      0.0059645
    2     Co    2     Co    14    35   238     14.494205     -7.247103    -21.741308     27.116175      0.0004384      0.0059644
    2     Co    2     Co    14    36   239     14.494205     -7.247103     21.741308     27.116175      0.0004384      0.0059652
    2     Co    2     Co    14    37   240     14.494205      7.247103    -21.741308     27.116175      0.0004384      0.0059645
    2     Co    2     Co    14    38   241     14.494205      7.247103     21.741308     27.116175      0.0004384      0.0059653
    2     Co    2     Co    14    39   242     14.494205     21.741308     -7.247103     27.116175      0.0004384      0.0059652
    2     Co    2     Co    14    40   243     14.494205     21.741308      7.247103     27.116175      0.0004384      0.0059653
    2     Co    2     Co    14    41   244     21.741308    -14.494205     -7.247103     27.116175      0.0004384      0.0059651
    2     Co    2     Co    14    42   245     21.741308    -14.494205      7.247103     27.116175      0.0004384      0.0059652
    2     Co    2     Co    14    43   246     21.741308     -7.247103    -14.494205     27.116175      0.0004384      0.0059651
    2     Co    2     Co    14    44   247     21.741308     -7.247103     14.494205     27.116175      0.0004384      0.0059652
    2     Co    2     Co    14    45   248     21.741308      7.247103    -14.494205     27.116175      0.0004384      0.0059652
    2     Co    2     Co    14    46   249     21.741308      7.247103     14.494205     27.116175      0.0004384      0.0059653
    2     Co    2     Co    14    47   250     21.741308     14.494205     -7.247103     27.116175      0.0004384      0.0059652
    2     Co    2     Co    14    48   251     21.741308     14.494205      7.247103     27.116175      0.0004384      0.0059653
    2     Co    2     Co    15     1   252    -28.988410      0.000000      0.000000     28.988410     -0.0610372     -0.8304531
    2     Co    2     Co    15     2   253      0.000000    -28.988410      0.000000     28.988410     -0.0610372     -0.8304531
    2     Co    2     Co    15     3   254      0.000000      0.000000    -28.988410     28.988410     -0.0610372     -0.8304531
    2     Co    2     Co    15     4   255      0.000000      0.000000     28.988410     28.988410     -0.0610391     -0.8304797
    2     Co    2     Co    15     5   256      0.000000     28.988410      0.000000     28.988410     -0.0610391     -0.8304796
    2     Co    2     Co    15     6   257     28.988410      0.000000      0.000000     28.988410     -0.0610391     -0.8304797
    2     Co    2     Co    16     1   258    -28.988410     -7.247103      0.000000     29.880569      0.0084058      0.1143668
    2     Co    2     Co    16     2   259    -28.988410      0.000000     -7.247103     29.880569      0.0084058      0.1143664
    2     Co    2     Co    16     3   260    -28.988410      0.000000      7.247103     29.880569      0.0084059      0.1143679
    2     Co    2     Co    16     4   261    -28.988410      7.247103      0.000000     29.880569      0.0084059      0.1143683
    2     Co    2     Co    16     5   262    -21.741308    -14.494205    -14.494205     29.880569      0.0000035      0.0000470
    2     Co    2     Co    16     6   263    -21.741308    -14.494205     14.494205     29.880569      0.0000034      0.0000467
    2     Co    2     Co    16     7   264    -21.741308     14.494205    -14.494205     29.880569      0.0000034      0.0000467
    2     Co    2     Co    16     8   265    -21.741308     14.494205     14.494205     29.880569      0.0000034      0.0000464
    2     Co    2     Co    16     9   266    -14.494205    -21.741308    -14.494205     29.880569      0.0000035      0.0000470
    2     Co    2     Co    16    10   267    -14.494205    -21.741308     14.494205     29.880569      0.0000034      0.0000467
    2     Co    2     Co    16    11   268    -14.494205    -14.494205    -21.741308     29.880569      0.0000035      0.0000470
    2     Co    2     Co    16    12   269    -14.494205    -14.494205     21.741308     29.880569      0.0000034      0.0000466
    2     Co    2     Co    16    13   270    -14.494205     14.494205    -21.741308     29.880569      0.0000034      0.0000467
    2     Co    2     Co    16    14   271    -14.494205     14.494205     21.741308     29.880569      0.0000034      0.0000463
    2     Co    2     Co    16    15   272    -14.494205     21.741308    -14.494205     29.880569      0.0000034      0.0000466
    2     Co    2     Co    16    16   273    -14.494205     21.741308     14.494205     29.880569      0.0000034      0.0000463
    2     Co    2     Co    16    17   274     -7.247103    -28.988410      0.000000     29.880569      0.0084058      0.1143668
    2     Co    2     Co    16    18   275     -7.247103      0.000000    -28.988410     29.880569      0.0084058      0.1143664
    2     Co    2     Co    16    19   276     -7.247103      0.000000     28.988410     29.880569      0.0084061      0.1143713
    2     Co    2     Co    16    20   277     -7.247103     28.988410      0.000000     29.880569      0.0084062      0.1143718
    2     Co    2     Co    16    21   278      0.000000    -28.988410     -7.247103     29.880569      0.0084058      0.1143668
    2     Co    2     Co    16    22   279      0.000000    -28.988410      7.247103     29.880569      0.0084059      0.1143683
    2     Co    2     Co    16    23   280      0.000000     -7.247103    -28.988410     29.880569      0.0084058      0.1143667
    2     Co    2     Co    16    24   281      0.000000     -7.247103     28.988410     29.880569      0.0084062      0.1143717
    2     Co    2     Co    16    25   282      0.000000      7.247103    -28.988410     29.880569      0.0084059      0.1143683
    2     Co    2     Co    16    26   283      0.000000      7.247103     28.988410     29.880569      0.0084063      0.1143732
    2     Co    2     Co    16    27   284      0.000000     28.988410     -7.247103     29.880569      0.0084062      0.1143717
    2     Co    2     Co    16    28   285      0.000000     28.988410      7.247103     29.880569      0.0084063      0.1143733
    2     Co    2     Co    16    29   286      7.247103    -28.988410      0.000000     29.880569      0.0084059      0.1143684
    2     Co    2     Co    16    30   287      7.247103      0.000000    -28.988410     29.880569      0.0084059      0.1143679
    2     Co    2     Co    16    31   288      7.247103      0.000000     28.988410     29.880569      0.0084063      0.1143729
    2     Co    2     Co    16    32   289      7.247103     28.988410      0.000000     29.880569      0.0084063      0.1143733
    2     Co    2     Co    16    33   290     14.494205    -21.741308    -14.494205     29.880569      0.0000034      0.0000467
    2     Co    2     Co    16    34   291     14.494205    -21.741308     14.494205     29.880569      0.0000034      0.0000464
    2     Co    2     Co    16    35   292     14.494205    -14.494205    -21.741308     29.880569      0.0000034      0.0000467
    2     Co    2     Co    16    36   293     14.494205    -14.494205     21.741308     29.880569      0.0000034      0.0000463
    2     Co    2     Co    16    37   294     14.494205     14.494205    -21.741308     29.880569      0.0000034      0.0000464
    2     Co    2     Co    16    38   295     14.494205     14.494205     21.741308     29.880569      0.0000034      0.0000460
    2     Co    2     Co    16    39   296     14.494205     21.741308    -14.494205     29.880569      0.0000034      0.0000463
    2     Co    2     Co    16    40   297     14.494205     21.741308     14.494205     29.880569      0.0000034      0.0000460
    2     Co    2     Co    16    41   298     21.741308    -14.494205    -14.494205     29.880569      0.0000034      0.0000466
    2     Co    2     Co    16    42   299     21.741308    -14.494205     14.494205     29.880569      0.0000034      0.0000463
    2     Co    2     Co    16    43   300     21.741308     14.494205    -14.494205     29.880569      0.0000034      0.0000463
    2     Co    2     Co    16    44   301     21.741308     14.494205     14.494205     29.880569      0.0000034      0.0000460
    2     Co    2     Co    16    45   302     28.988410     -7.247103      0.000000     29.880569      0.0084062      0.1143717
    2     Co    2     Co    16    46   303     28.988410      0.000000     -7.247103     29.880569      0.0084061      0.1143713
    2     Co    2     Co    16    47   304     28.988410      0.000000      7.247103     29.880569      0.0084063      0.1143729
    2     Co    2     Co    16    48   305     28.988410      7.247103      0.000000     29.880569      0.0084063      0.1143733
    2     Co    2     Co    17     1   306    -28.988410     -7.247103     -7.247103     30.746852      0.0012836      0.0174636
    2     Co    2     Co    17     2   307    -28.988410     -7.247103      7.247103     30.746852      0.0012835      0.0174636
    2     Co    2     Co    17     3   308    -28.988410      7.247103     -7.247103     30.746852      0.0012835      0.0174636
    2     Co    2     Co    17     4   309    -28.988410      7.247103      7.247103     30.746852      0.0012835      0.0174635
    2     Co    2     Co    17     5   310    -21.741308    -21.741308      0.000000     30.746852      0.0058464      0.0795446
    2     Co    2     Co    17     6   311    -21.741308      0.000000    -21.741308     30.746852      0.0058464      0.0795446
    2     Co    2     Co    17     7   312    -21.741308      0.000000     21.741308     30.746852      0.0058467      0.0795483
    2     Co    2     Co    17     8   313    -21.741308     21.741308      0.000000     30.746852      0.0058467      0.0795483
    2     Co    2     Co    17     9   314     -7.247103    -28.988410     -7.247103     30.746852      0.0012836      0.0174636
    2     Co    2     Co    17    10   315     -7.247103    -28.988410      7.247103     30.746852      0.0012835      0.0174635
    2     Co    2     Co    17    11   316     -7.247103     -7.247103    -28.988410     30.746852      0.0012836      0.0174636
    2     Co    2     Co    17    12   317     -7.247103     -7.247103     28.988410     30.746852      0.0012835      0.0174623
    2     Co    2     Co    17    13   318     -7.247103      7.247103    -28.988410     30.746852      0.0012835      0.0174636
    2     Co    2     Co    17    14   319     -7.247103      7.247103     28.988410     30.746852      0.0012834      0.0174622
    2     Co    2     Co    17    15   320     -7.247103     28.988410     -7.247103     30.746852      0.0012835      0.0174622
    2     Co    2     Co    17    16   321     -7.247103     28.988410      7.247103     30.746852      0.0012834      0.0174622
    2     Co    2     Co    17    17   322      0.000000    -21.741308    -21.741308     30.746852      0.0058464      0.0795446
    2     Co    2     Co    17    18   323      0.000000    -21.741308     21.741308     30.746852      0.0058467      0.0795483
    2     Co    2     Co    17    19   324      0.000000     21.741308    -21.741308     30.746852      0.0058467      0.0795483
    2     Co    2     Co    17    20   325      0.000000     21.741308     21.741308     30.746852      0.0058470      0.0795519
    2     Co    2     Co    17    21   326      7.247103    -28.988410     -7.247103     30.746852      0.0012835      0.0174635
    2     Co    2     Co    17    22   327      7.247103    -28.988410      7.247103     30.746852      0.0012835      0.0174634
    2     Co    2     Co    17    23   328      7.247103     -7.247103    -28.988410     30.746852      0.0012835      0.0174636
    2     Co    2     Co    17    24   329      7.247103     -7.247103     28.988410     30.746852      0.0012834      0.0174622
    2     Co    2     Co    17    25   330      7.247103      7.247103    -28.988410     30.746852      0.0012835      0.0174635
    2     Co    2     Co    17    26   331      7.247103      7.247103     28.988410     30.746852      0.0012834      0.0174621
    2     Co    2     Co    17    27   332      7.247103     28.988410     -7.247103     30.746852      0.0012834      0.0174622
    2     Co    2     Co    17    28   333      7.247103     28.988410      7.247103     30.746852      0.0012834      0.0174621
    2     Co    2     Co    17    29   334     21.741308    -21.741308      0.000000     30.746852      0.0058467      0.0795483
    2     Co    2     Co    17    30   335     21.741308      0.000000    -21.741308     30.746852      0.0058467      0.0795483
    2     Co    2     Co    17    31   336     21.741308      0.000000     21.741308     30.746852      0.0058470      0.0795519
    2     Co    2     Co    17    32   337     21.741308     21.741308      0.000000     30.746852      0.0058470      0.0795519
    2     Co    2     Co    17    33   338     28.988410     -7.247103     -7.247103     30.746852      0.0012835      0.0174623
    2     Co    2     Co    17    34   339     28.988410     -7.247103      7.247103     30.746852      0.0012834      0.0174622
    2     Co    2     Co    17    35   340     28.988410      7.247103     -7.247103     30.746852      0.0012834      0.0174622
    2     Co    2     Co    17    36   341     28.988410      7.247103      7.247103     30.746852      0.0012834      0.0174621
    2     Co    2     Co    18     1   342    -21.741308    -21.741308     -7.247103     31.589388     -0.0000739     -0.0010053
    2     Co    2     Co    18     2   343    -21.741308    -21.741308      7.247103     31.589388     -0.0000739     -0.0010054
    2     Co    2     Co    18     3   344    -21.741308     -7.247103    -21.741308     31.589388     -0.0000739     -0.0010052
    2     Co    2     Co    18     4   345    -21.741308     -7.247103     21.741308     31.589388     -0.0000739     -0.0010049
    2     Co    2     Co    18     5   346    -21.741308      7.247103    -21.741308     31.589388     -0.0000739     -0.0010053
    2     Co    2     Co    18     6   347    -21.741308      7.247103     21.741308     31.589388     -0.0000739     -0.0010050
    2     Co    2     Co    18     7   348    -21.741308     21.741308     -7.247103     31.589388     -0.0000739     -0.0010049
    2     Co    2     Co    18     8   349    -21.741308     21.741308      7.247103     31.589388     -0.0000739     -0.0010050
    2     Co    2     Co    18     9   350     -7.247103    -21.741308    -21.741308     31.589388     -0.0000739     -0.0010052
    2     Co    2     Co    18    10   351     -7.247103    -21.741308     21.741308     31.589388     -0.0000739     -0.0010049
    2     Co    2     Co    18    11   352     -7.247103     21.741308    -21.741308     31.589388     -0.0000739     -0.0010049
    2     Co    2     Co    18    12   353     -7.247103     21.741308     21.741308     31.589388     -0.0000738     -0.0010045
    2     Co    2     Co    18    13   354      7.247103    -21.741308    -21.741308     31.589388     -0.0000739     -0.0010054
    2     Co    2     Co    18    14   355      7.247103    -21.741308     21.741308     31.589388     -0.0000739     -0.0010050
    2     Co    2     Co    18    15   356      7.247103     21.741308    -21.741308     31.589388     -0.0000739     -0.0010050
    2     Co    2     Co    18    16   357      7.247103     21.741308     21.741308     31.589388     -0.0000738     -0.0010047
    2     Co    2     Co    18    17   358     21.741308    -21.741308     -7.247103     31.589388     -0.0000739     -0.0010049
    2     Co    2     Co    18    18   359     21.741308    -21.741308      7.247103     31.589388     -0.0000739     -0.0010050
    2     Co    2     Co    18    19   360     21.741308     -7.247103    -21.741308     31.589388     -0.0000739     -0.0010049
    2     Co    2     Co    18    20   361     21.741308     -7.247103     21.741308     31.589388     -0.0000738     -0.0010045
    2     Co    2     Co    18    21   362     21.741308      7.247103    -21.741308     31.589388     -0.0000739     -0.0010050
    2     Co    2     Co    18    22   363     21.741308      7.247103     21.741308     31.589388     -0.0000738     -0.0010046
    2     Co    2     Co    18    23   364     21.741308     21.741308     -7.247103     31.589388     -0.0000738     -0.0010045
    2     Co    2     Co    18    24   365     21.741308     21.741308      7.247103     31.589388     -0.0000738     -0.0010047
    2     Co    2     Co    19     1   366    -28.988410    -14.494205      0.000000     32.410028      0.0058931      0.0801800
    2     Co    2     Co    19     2   367    -28.988410      0.000000    -14.494205     32.410028      0.0058931      0.0801799
    2     Co    2     Co    19     3   368    -28.988410      0.000000     14.494205     32.410028      0.0058932      0.0801814
    2     Co    2     Co    19     4   369    -28.988410     14.494205      0.000000     32.410028      0.0058932      0.0801814
    2     Co    2     Co    19     5   370    -14.494205    -28.988410      0.000000     32.410028      0.0058931      0.0801800
    2     Co    2     Co    19     6   371    -14.494205      0.000000    -28.988410     32.410028      0.0058931      0.0801799
    2     Co    2     Co    19     7   372    -14.494205      0.000000     28.988410     32.410028      0.0058935      0.0801845
    2     Co    2     Co    19     8   373    -14.494205     28.988410      0.000000     32.410028      0.0058935      0.0801846
    2     Co    2     Co    19     9   374      0.000000    -28.988410    -14.494205     32.410028      0.0058931      0.0801800
    2     Co    2     Co    19    10   375      0.000000    -28.988410     14.494205     32.410028      0.0058932      0.0801814
    2     Co    2     Co    19    11   376      0.000000    -14.494205    -28.988410     32.410028      0.0058931      0.0801800
    2     Co    2     Co    19    12   377      0.000000    -14.494205     28.988410     32.410028      0.0058935      0.0801845
    2     Co    2     Co    19    13   378      0.000000     14.494205    -28.988410     32.410028      0.0058932      0.0801814
    2     Co    2     Co    19    14   379      0.000000     14.494205     28.988410     32.410028      0.0058936      0.0801860
    2     Co    2     Co    19    15   380      0.000000     28.988410    -14.494205     32.410028      0.0058935      0.0801846
    2     Co    2     Co    19    16   381      0.000000     28.988410     14.494205     32.410028      0.0058936      0.0801860
    2     Co    2     Co    19    17   382     14.494205    -28.988410      0.000000     32.410028      0.0058932      0.0801814
    2     Co    2     Co    19    18   383     14.494205      0.000000    -28.988410     32.410028      0.0058932      0.0801814
    2     Co    2     Co    19    19   384     14.494205      0.000000     28.988410     32.410028      0.0058936      0.0801859
    2     Co    2     Co    19    20   385     14.494205     28.988410      0.000000     32.410028      0.0058936      0.0801860
    2     Co    2     Co    19    21   386     28.988410    -14.494205      0.000000     32.410028      0.0058935      0.0801845
    2     Co    2     Co    19    22   387     28.988410      0.000000    -14.494205     32.410028      0.0058935      0.0801845
    2     Co    2     Co    19    23   388     28.988410      0.000000     14.494205     32.410028      0.0058936      0.0801859
    2     Co    2     Co    19    24   389     28.988410     14.494205      0.000000     32.410028      0.0058936      0.0801860
    2     Co    2     Co    20     1   390    -28.988410    -14.494205     -7.247103     33.210396     -0.0001734     -0.0023595
    2     Co    2     Co    20     2   391    -28.988410    -14.494205      7.247103     33.210396     -0.0001734     -0.0023594
    2     Co    2     Co    20     3   392    -28.988410     -7.247103    -14.494205     33.210396     -0.0001734     -0.0023595
    2     Co    2     Co    20     4   393    -28.988410     -7.247103     14.494205     33.210396     -0.0001734     -0.0023591
    2     Co    2     Co    20     5   394    -28.988410      7.247103    -14.494205     33.210396     -0.0001734     -0.0023594
    2     Co    2     Co    20     6   395    -28.988410      7.247103     14.494205     33.210396     -0.0001734     -0.0023590
    2     Co    2     Co    20     7   396    -28.988410     14.494205     -7.247103     33.210396     -0.0001734     -0.0023591
    2     Co    2     Co    20     8   397    -28.988410     14.494205      7.247103     33.210396     -0.0001734     -0.0023590
    2     Co    2     Co    20     9   398    -14.494205    -28.988410     -7.247103     33.210396     -0.0001734     -0.0023595
    2     Co    2     Co    20    10   399    -14.494205    -28.988410      7.247103     33.210396     -0.0001734     -0.0023594
    2     Co    2     Co    20    11   400    -14.494205     -7.247103    -28.988410     33.210396     -0.0001734     -0.0023595
    2     Co    2     Co    20    12   401    -14.494205     -7.247103     28.988410     33.210396     -0.0001734     -0.0023591
    2     Co    2     Co    20    13   402    -14.494205      7.247103    -28.988410     33.210396     -0.0001734     -0.0023594
    2     Co    2     Co    20    14   403    -14.494205      7.247103     28.988410     33.210396     -0.0001734     -0.0023590
    2     Co    2     Co    20    15   404    -14.494205     28.988410     -7.247103     33.210396     -0.0001734     -0.0023591
    2     Co    2     Co    20    16   405    -14.494205     28.988410      7.247103     33.210396     -0.0001734     -0.0023591
    2     Co    2     Co    20    17   406     -7.247103    -28.988410    -14.494205     33.210396     -0.0001734     -0.0023595
    2     Co    2     Co    20    18   407     -7.247103    -28.988410     14.494205     33.210396     -0.0001734     -0.0023591
    2     Co    2     Co    20    19   408     -7.247103    -14.494205    -28.988410     33.210396     -0.0001734     -0.0023595
    2     Co    2     Co    20    20   409     -7.247103    -14.494205     28.988410     33.210396     -0.0001734     -0.0023591
    2     Co    2     Co    20    21   410     -7.247103     14.494205    -28.988410     33.210396     -0.0001734     -0.0023591
    2     Co    2     Co    20    22   411     -7.247103     14.494205     28.988410     33.210396     -0.0001734     -0.0023587
    2     Co    2     Co    20    23   412     -7.247103     28.988410    -14.494205     33.210396     -0.0001734     -0.0023591
    2     Co    2     Co    20    24   413     -7.247103     28.988410     14.494205     33.210396     -0.0001734     -0.0023587
    2     Co    2     Co    20    25   414      7.247103    -28.988410    -14.494205     33.210396     -0.0001734     -0.0023594
    2     Co    2     Co    20    26   415      7.247103    -28.988410     14.494205     33.210396     -0.0001734     -0.0023590
    2     Co    2     Co    20    27   416      7.247103    -14.494205    -28.988410     33.210396     -0.0001734     -0.0023594
    2     Co    2     Co    20    28   417      7.247103    -14.494205     28.988410     33.210396     -0.0001734     -0.0023591
    2     Co    2     Co    20    29   418      7.247103     14.494205    -28.988410     33.210396     -0.0001734     -0.0023590
    2     Co    2     Co    20    30   419      7.247103     14.494205     28.988410     33.210396     -0.0001734     -0.0023587
    2     Co    2     Co    20    31   420      7.247103     28.988410    -14.494205     33.210396     -0.0001734     -0.0023591
    2     Co    2     Co    20    32   421      7.247103     28.988410     14.494205     33.210396     -0.0001734     -0.0023587
    2     Co    2     Co    20    33   422     14.494205    -28.988410     -7.247103     33.210396     -0.0001734     -0.0023591
    2     Co    2     Co    20    34   423     14.494205    -28.988410      7.247103     33.210396     -0.0001734     -0.0023590
    2     Co    2     Co    20    35   424     14.494205     -7.247103    -28.988410     33.210396     -0.0001734     -0.0023591
    2     Co    2     Co    20    36   425     14.494205     -7.247103     28.988410     33.210396     -0.0001734     -0.0023587
    2     Co    2     Co    20    37   426     14.494205      7.247103    -28.988410     33.210396     -0.0001734     -0.0023590
    2     Co    2     Co    20    38   427     14.494205      7.247103     28.988410     33.210396     -0.0001734     -0.0023586
    2     Co    2     Co    20    39   428     14.494205     28.988410     -7.247103     33.210396     -0.0001734     -0.0023587
    2     Co    2     Co    20    40   429     14.494205     28.988410      7.247103     33.210396     -0.0001734     -0.0023587
    2     Co    2     Co    20    41   430     28.988410    -14.494205     -7.247103     33.210396     -0.0001734     -0.0023591
    2     Co    2     Co    20    42   431     28.988410    -14.494205      7.247103     33.210396     -0.0001734     -0.0023591
    2     Co    2     Co    20    43   432     28.988410     -7.247103    -14.494205     33.210396     -0.0001734     -0.0023591
    2     Co    2     Co    20    44   433     28.988410     -7.247103     14.494205     33.210396     -0.0001734     -0.0023587
    2     Co    2     Co    20    45   434     28.988410      7.247103    -14.494205     33.210396     -0.0001734     -0.0023590
    2     Co    2     Co    20    46   435     28.988410      7.247103     14.494205     33.210396     -0.0001734     -0.0023586
    2     Co    2     Co    20    47   436     28.988410     14.494205     -7.247103     33.210396     -0.0001734     -0.0023587
    2     Co    2     Co    20    48   437     28.988410     14.494205      7.247103     33.210396     -0.0001734     -0.0023587
    2     Co    2     Co    21     1   438    -21.741308    -21.741308    -14.494205     33.991924      0.0000899      0.0012228
    2     Co    2     Co    21     2   439    -21.741308    -21.741308     14.494205     33.991924      0.0000899      0.0012231
    2     Co    2     Co    21     3   440    -21.741308    -14.494205    -21.741308     33.991924      0.0000899      0.0012228
    2     Co    2     Co    21     4   441    -21.741308    -14.494205     21.741308     33.991924      0.0000899      0.0012225
    2     Co    2     Co    21     5   442    -21.741308     14.494205    -21.741308     33.991924      0.0000899      0.0012232
    2     Co    2     Co    21     6   443    -21.741308     14.494205     21.741308     33.991924      0.0000899      0.0012229
    2     Co    2     Co    21     7   444    -21.741308     21.741308    -14.494205     33.991924      0.0000899      0.0012225
    2     Co    2     Co    21     8   445    -21.741308     21.741308     14.494205     33.991924      0.0000899      0.0012229
    2     Co    2     Co    21     9   446    -14.494205    -21.741308    -21.741308     33.991924      0.0000899      0.0012228
    2     Co    2     Co    21    10   447    -14.494205    -21.741308     21.741308     33.991924      0.0000899      0.0012225
    2     Co    2     Co    21    11   448    -14.494205     21.741308    -21.741308     33.991924      0.0000899      0.0012225
    2     Co    2     Co    21    12   449    -14.494205     21.741308     21.741308     33.991924      0.0000898      0.0012222
    2     Co    2     Co    21    13   450     14.494205    -21.741308    -21.741308     33.991924      0.0000899      0.0012231
    2     Co    2     Co    21    14   451     14.494205    -21.741308     21.741308     33.991924      0.0000899      0.0012229
    2     Co    2     Co    21    15   452     14.494205     21.741308    -21.741308     33.991924      0.0000899      0.0012229
    2     Co    2     Co    21    16   453     14.494205     21.741308     21.741308     33.991924      0.0000899      0.0012226
    2     Co    2     Co    21    17   454     21.741308    -21.741308    -14.494205     33.991924      0.0000899      0.0012225
    2     Co    2     Co    21    18   455     21.741308    -21.741308     14.494205     33.991924      0.0000899      0.0012229
    2     Co    2     Co    21    19   456     21.741308    -14.494205    -21.741308     33.991924      0.0000899      0.0012225
    2     Co    2     Co    21    20   457     21.741308    -14.494205     21.741308     33.991924      0.0000898      0.0012222
    2     Co    2     Co    21    21   458     21.741308     14.494205    -21.741308     33.991924      0.0000899      0.0012229
    2     Co    2     Co    21    22   459     21.741308     14.494205     21.741308     33.991924      0.0000899      0.0012226
    2     Co    2     Co    21    23   460     21.741308     21.741308    -14.494205     33.991924      0.0000898      0.0012222
    2     Co    2     Co    21    24   461     21.741308     21.741308     14.494205     33.991924      0.0000899      0.0012226
    2     Co    2     Co    22     1   462    -28.988410    -14.494205    -14.494205     35.503407      0.0000233      0.0003176
    2     Co    2     Co    22     2   463    -28.988410    -14.494205     14.494205     35.503407      0.0000234      0.0003178
    2     Co    2     Co    22     3   464    -28.988410     14.494205    -14.494205     35.503407      0.0000234      0.0003178
    2     Co    2     Co    22     4   465    -28.988410     14.494205     14.494205     35.503407      0.0000234      0.0003179
    2     Co    2     Co    22     5   466    -14.494205    -28.988410    -14.494205     35.503407      0.0000233      0.0003176
    2     Co    2     Co    22     6   467    -14.494205    -28.988410     14.494205     35.503407      0.0000234      0.0003178
    2     Co    2     Co    22     7   468    -14.494205    -14.494205    -28.988410     35.503407      0.0000233      0.0003176
    2     Co    2     Co    22     8   469    -14.494205    -14.494205     28.988410     35.503407      0.0000233      0.0003176
    2     Co    2     Co    22     9   470    -14.494205     14.494205    -28.988410     35.503407      0.0000234      0.0003178
    2     Co    2     Co    22    10   471    -14.494205     14.494205     28.988410     35.503407      0.0000234      0.0003177
    2     Co    2     Co    22    11   472    -14.494205     28.988410    -14.494205     35.503407      0.0000233      0.0003176
    2     Co    2     Co    22    12   473    -14.494205     28.988410     14.494205     35.503407      0.0000234      0.0003177
    2     Co    2     Co    22    13   474     14.494205    -28.988410    -14.494205     35.503407      0.0000234      0.0003178
    2     Co    2     Co    22    14   475     14.494205    -28.988410     14.494205     35.503407      0.0000234      0.0003179
    2     Co    2     Co    22    15   476     14.494205    -14.494205    -28.988410     35.503407      0.0000234      0.0003178
    2     Co    2     Co    22    16   477     14.494205    -14.494205     28.988410     35.503407      0.0000234      0.0003177
    2     Co    2     Co    22    17   478     14.494205     14.494205    -28.988410     35.503407      0.0000234      0.0003179
    2     Co    2     Co    22    18   479     14.494205     14.494205     28.988410     35.503407      0.0000234      0.0003179
    2     Co    2     Co    22    19   480     14.494205     28.988410    -14.494205     35.503407      0.0000234      0.0003177
    2     Co    2     Co    22    20   481     14.494205     28.988410     14.494205     35.503407      0.0000234      0.0003179
    2     Co    2     Co    22    21   482     28.988410    -14.494205    -14.494205     35.503407      0.0000233      0.0003176
    2     Co    2     Co    22    22   483     28.988410    -14.494205     14.494205     35.503407      0.0000234      0.0003177
    2     Co    2     Co    22    23   484     28.988410     14.494205    -14.494205     35.503407      0.0000234      0.0003177
    2     Co    2     Co    22    24   485     28.988410     14.494205     14.494205     35.503407      0.0000234      0.0003179
    2     Co    2     Co    23     1   486    -36.235513      0.000000      0.000000     36.235513     -0.0248593     -0.3382277
    2     Co    2     Co    23     2   487    -28.988410    -21.741308      0.000000     36.235513      0.0006831      0.0092947
    2     Co    2     Co    23     3   488    -28.988410      0.000000    -21.741308     36.235513      0.0006832      0.0092949
    2     Co    2     Co    23     4   489    -28.988410      0.000000     21.741308     36.235513      0.0006831      0.0092941
    2     Co    2     Co    23     5   490    -28.988410     21.741308      0.000000     36.235513      0.0006831      0.0092939
    2     Co    2     Co    23     6   491    -21.741308    -28.988410      0.000000     36.235513      0.0006831      0.0092946
    2     Co    2     Co    23     7   492    -21.741308      0.000000    -28.988410     36.235513      0.0006832      0.0092949
    2     Co    2     Co    23     8   493    -21.741308      0.000000     28.988410     36.235513      0.0006832      0.0092949
    2     Co    2     Co    23     9   494    -21.741308     28.988410      0.000000     36.235513      0.0006831      0.0092947
    2     Co    2     Co    23    10   495      0.000000    -36.235513      0.000000     36.235513     -0.0248592     -0.3382268
    2     Co    2     Co    23    11   496      0.000000    -28.988410    -21.741308     36.235513      0.0006831      0.0092946
    2     Co    2     Co    23    12   497      0.000000    -28.988410     21.741308     36.235513      0.0006831      0.0092939
    2     Co    2     Co    23    13   498      0.000000    -21.741308    -28.988410     36.235513      0.0006831      0.0092947
    2     Co    2     Co    23    14   499      0.000000    -21.741308     28.988410     36.235513      0.0006831      0.0092947
    2     Co    2     Co    23    15   500      0.000000      0.000000    -36.235513     36.235513     -0.0248593     -0.3382278
    2     Co    2     Co    23    16   501      0.000000      0.000000     36.235513     36.235513     -0.0248605     -0.3382449
    2     Co    2     Co    23    17   502      0.000000     21.741308    -28.988410     36.235513      0.0006831      0.0092939
    2     Co    2     Co    23    18   503      0.000000     21.741308     28.988410     36.235513      0.0006831      0.0092940
    2     Co    2     Co    23    19   504      0.000000     28.988410    -21.741308     36.235513      0.0006831      0.0092947
    2     Co    2     Co    23    20   505      0.000000     28.988410     21.741308     36.235513      0.0006831      0.0092939
    2     Co    2     Co    23    21   506      0.000000     36.235513      0.000000     36.235513     -0.0248605     -0.3382439
    2     Co    2     Co    23    22   507     21.741308    -28.988410      0.000000     36.235513      0.0006831      0.0092939
    2     Co    2     Co    23    23   508     21.741308      0.000000    -28.988410     36.235513      0.0006831      0.0092941
    2     Co    2     Co    23    24   509     21.741308      0.000000     28.988410     36.235513      0.0006831      0.0092942
    2     Co    2     Co    23    25   510     21.741308     28.988410      0.000000     36.235513      0.0006831      0.0092939
    2     Co    2     Co    23    26   511     28.988410    -21.741308      0.000000     36.235513      0.0006831      0.0092947
    2     Co    2     Co    23    27   512     28.988410      0.000000    -21.741308     36.235513      0.0006832      0.0092949
    2     Co    2     Co    23    28   513     28.988410      0.000000     21.741308     36.235513      0.0006831      0.0092942
    2     Co    2     Co    23    29   514     28.988410     21.741308      0.000000     36.235513      0.0006831      0.0092939
    2     Co    2     Co    23    30   515     36.235513      0.000000      0.000000     36.235513     -0.0248605     -0.3382448
